______________________________________________________________________________
*30cof*
area1 = [(105, 230), (105, 260), (215, 245), (190, 225)]
area2 = [(0, 0), (0, 0), (0, 0), (0, 0)]
area3 = [(0, 0), (0, 0), (0, 0), (0, 0)]
______________________________________________________________________________
*cafeV*
area1 = [(227, 131), (374, 101), (386, 142), (256, 182)]
area2 = [(176, 70), (639, 0), (639, 359), (228, 357)]
area3 = [(0, 43), (151, 48), (43, 356), (1, 357)]
______________________________________________________________________________
